1000 19.79469108581543 0.17443488697739548 
2000 41.47876572608948 0.6755351070214043 
3000 60.21100306510925 0.7653530706141228 
4000 78.77602529525757 0.884376875375075 
5000 97.2551577091217 0.8965793158631726 
6000 117.43041777610779 0.8899779955991198 
7000 133.15106010437012 0.9037807561512302 
8000 146.8936288356781 0.9155831166233247 
9000 166.21983671188354 0.9069813962792559 
10000 185.75520944595337 0.9269853970794159 
11000 206.17516231536865 0.9447889577915584 
12000 228.0120348930359 0.9129825965193039 
13000 278.2018222808838 0.9427885577115424 
14000 296.1891875267029 0.9285857171434286 
15000 340.7235908508301 0.9507901580316063 
16000 358.89874935150146 0.9483896779355871 
17000 377.1708173751831 0.95499099819964 
18000 389.4167778491974 0.9515903180636127 
19000 403.8342938423157 0.9463892778555711 
20000 424.8174033164978 0.9449889977995599 
21000 446.7264783382416 0.9535907181436287 
22000 471.9802131652832 0.9623924784956991 
23000 503.22412395477295 0.9601920384076815 
24000 518.507764339447 0.9533906781356272 
25000 533.9736866950989 0.9555911182236447 
26000 556.4506113529205 0.9615923184636928 
27000 581.4795305728912 0.9605921184236847 
28000 604.3780653476715 0.9643928785757151 
29000 619.4128863811493 0.9621924384876975 
30000 637.8740110397339 0.965993198639728 
31000 653.163266658783 0.9673934786957391 
32000 667.788446187973 0.9655931186237248 
33000 682.3608338832855 0.9623924784956991 
34000 696.8139019012451 0.9627925585117023 
35000 711.1096482276917 0.9631926385277055 
36000 724.780748128891 0.9611922384476895 
37000 739.3396708965302 0.9657931586317263 
38000 753.6737139225006 0.9661932386477295 
39000 768.6002316474915 0.9665933186637328 
40000 782.5643625259399 0.9673934786957391 
41000 802.8205981254578 0.966993398679736 
42000 823.4529383182526 0.9587917583516703 
43000 837.4174370765686 0.9643928785757151 
44000 852.0010862350464 0.9647929585917183 
45000 866.1302103996277 0.9723944788957791 
46000 880.1079692840576 0.9665933186637328 
47000 894.0229017734528 0.9715943188637728 
48000 907.044495344162 0.9723944788957791 
49000 921.6206889152527 0.9565913182636527 
50000 935.9997007846832 0.9655931186237248 
51000 950.3443078994751 0.9663932786557311 
52000 964.1866059303284 0.9725945189037808 
53000 981.1844389438629 0.9729945989197839 
54000 995.6971199512482 0.965993198639728 
55000 1009.9864723682404 0.9653930786157231 
56000 1023.3959209918976 0.9663932786557311 
57000 1036.2758553028107 0.9713942788557711 
58000 1050.403240442276 0.9741948389677936 
59000 1064.003257036209 0.9655931186237248 
60000 1077.7449505329132 0.9683936787357471 
61000 1091.5175020694733 0.96999399879976 
62000 1105.4665431976318 0.9717943588717743 
63000 1118.5806086063385 0.9663932786557311 
64000 1131.7167789936066 0.962992598519704 
65000 1144.948947429657 0.9721944388877776 
66000 1164.030202627182 0.9621924384876975 
67000 1177.53786110878 0.9685937187437488 
68000 1191.0201199054718 0.9683936787357471 
69000 1204.62096118927 0.9681936387277456 
70000 1218.0101625919342 0.9737947589517904 
71000 1231.1848168373108 0.9673934786957391 
72000 1244.7349047660828 0.9525905181036207 
73000 1257.6274218559265 0.9657931586317263 
74000 1276.919246673584 0.9683936787357471 
75000 1296.5671377182007 0.9681936387277456 
76000 1315.6339693069458 0.9683936787357471 
77000 1330.6901671886444 0.9693938787757551 
78000 1341.308610200882 0.9721944388877776 
79000 1357.2208714485168 0.9665933186637328 
80000 1374.5998091697693 0.9741948389677936 
81000 1395.2693548202515 0.9727945589117823 
82000 1412.6971406936646 0.9717943588717743 
83000 1425.8974459171295 0.9743948789757951 
84000 1441.751861333847 0.9701940388077616 
85000 1456.9075882434845 0.970994198839768 
86000 1470.0843873023987 0.9713942788557711 
87000 1484.1578924655914 0.9713942788557711 
88000 1498.141673564911 0.9751950390078016 
89000 1512.683266401291 0.968993798759752 
90000 1527.2041275501251 0.967993598719744 
