1000 3.8037776947021484 0.23159987 
2000 6.011316537857056 0.52219987 
3000 8.362372636795044 0.6506 
4000 10.99910855293274 0.7222 
5000 13.464693069458008 0.7915991 
6000 15.933916330337524 0.84839827 
7000 18.41944146156311 0.8717979 
8000 20.89058256149292 0.8715978 
9000 23.344560861587524 0.8745982 
10000 26.180744171142578 0.8531983 
11000 28.75770616531372 0.905198 
12000 31.20782160758972 0.899198 
13000 33.89325428009033 0.90859795 
14000 36.66901874542236 0.9063977 
15000 39.477078437805176 0.91139793 
16000 42.13448739051819 0.919398 
17000 44.99428987503052 0.9223981 
18000 47.337520599365234 0.9219982 
19000 49.624622106552124 0.89839846 
20000 52.00929617881775 0.9187982 
21000 54.37255334854126 0.9235982 
22000 56.673606395721436 0.8929979 
23000 59.28903007507324 0.8943978 
24000 61.83156943321228 0.9217981 
25000 64.74685716629028 0.92679787 
26000 67.3600800037384 0.91059774 
27000 69.91322660446167 0.921198 
28000 72.59030079841614 0.9265981 
29000 75.04315161705017 0.9287983 
30000 77.50652766227722 0.9325984 
31000 80.13347101211548 0.9255981 
32000 82.50260996818542 0.9089981 
33000 84.96376490592957 0.9435984 
34000 87.32015705108643 0.935798 
35000 89.9899353981018 0.9287982 
36000 92.59084224700928 0.93099827 
37000 95.20345568656921 0.9413981 
38000 98.22573113441467 0.93999803 
39000 100.85389924049377 0.9415982 
40000 103.33358144760132 0.93339837 
41000 105.79848742485046 0.92699826 
42000 108.73705267906189 0.9485984 
43000 111.17519235610962 0.9503983 
44000 113.82705116271973 0.94799834 
45000 116.40606689453125 0.9347982 
46000 118.74725341796875 0.8999976 
47000 121.06419062614441 0.9373983 
48000 123.37788105010986 0.9381982 
49000 125.70944356918335 0.94259816 
50000 128.136559009552 0.9461985 
51000 130.63712525367737 0.9409984 
52000 133.06392884254456 0.9321981 
53000 136.2007188796997 0.94239825 
54000 138.77762627601624 0.94379836 
55000 141.2342348098755 0.9393982 
56000 143.81763744354248 0.9433983 
57000 146.49845170974731 0.9343982 
58000 149.1154646873474 0.94679826 
59000 151.8146550655365 0.8867977 
60000 154.24531149864197 0.93659824 
61000 156.73247623443604 0.9319984 
62000 159.1068115234375 0.94059825 
63000 161.44319820404053 0.9377984 
64000 163.96905708312988 0.9473984 
65000 166.40926814079285 0.93159825 
66000 168.82631921768188 0.9405982 
67000 171.15988564491272 0.95419854 
68000 173.84541201591492 0.9555986 
69000 176.32014441490173 0.92519814 
70000 179.16181898117065 0.95499855 
71000 181.5000298023224 0.9533985 
72000 183.89277124404907 0.94859856 
73000 186.22580933570862 0.9337981 
74000 188.56191229820251 0.94739825 
75000 190.8943326473236 0.95779884 
76000 193.231516122818 0.94839853 
77000 195.57772183418274 0.95099866 
78000 197.92836546897888 0.9519986 
79000 200.27864050865173 0.9381982 
80000 202.63359117507935 0.9489984 
81000 204.96027493476868 0.9501984 
82000 207.30152249336243 0.94359845 
83000 209.6409740447998 0.9491985 
84000 211.98639035224915 0.93659824 
85000 214.32034349441528 0.95379853 
86000 216.6512098312378 0.94019854 
87000 218.99758768081665 0.94239825 
88000 221.34619092941284 0.94299823 
89000 223.67568588256836 0.93439835 
90000 226.0013678073883 0.94179845 
