1000 9.061826467514038 0.632 
2000 18.086211919784546 0.8694 
3000 26.65935206413269 0.8784000000000001 
4000 37.55019569396973 0.9007999999999999 
5000 48.05980134010315 0.9007999999999999 
6000 57.12083387374878 0.9114 
7000 66.23205828666687 0.9104000000000001 
8000 75.1876425743103 0.9438 
9000 84.4266529083252 0.9318000000000001 
10000 93.32759809494019 0.9323999999999999 
11000 101.7903242111206 0.9486 
12000 111.55393838882446 0.9422 
13000 120.31362199783325 0.9329999999999999 
14000 128.51076555252075 0.935 
15000 136.64406871795654 0.9520000000000001 
16000 146.7168264389038 0.9458 
17000 154.92222023010254 0.9540000000000001 
18000 165.3427631855011 0.9142 
19000 174.9845290184021 0.9174 
20000 185.3257827758789 0.927 
21000 194.9321699142456 0.9264 
22000 204.4931879043579 0.9470000000000001 
23000 213.86889624595642 0.9521999999999999 
24000 222.72625160217285 0.9126000000000001 
25000 232.60247206687927 0.9573999999999999 
26000 241.52338695526123 0.9606 
27000 250.1876027584076 0.9466 
28000 259.8562078475952 0.9506 
29000 269.110976934433 0.9206 
30000 277.1400513648987 0.9576 
31000 288.2019109725952 0.9526 
32000 297.6836578845978 0.9492 
33000 308.08551716804504 0.9645999999999999 
34000 317.9625117778778 0.9676 
35000 327.08230900764465 0.9431999999999999 
36000 338.9326014518738 0.9570000000000001 
37000 346.6612129211426 0.9528 
38000 355.2419362068176 0.9636 
39000 365.1542589664459 0.9656 
40000 373.02918434143066 0.9606 
41000 383.85266733169556 0.9592 
42000 393.24468874931335 0.9662000000000001 
43000 403.37665033340454 0.9451999999999999 
44000 412.8854982852936 0.9584 
45000 422.4295427799225 0.9668000000000001 
46000 434.7605230808258 0.9645999999999999 
47000 451.735148191452 0.9634 
48000 468.239545583725 0.95 
49000 476.66030716896057 0.9301999999999999 
50000 485.88528633117676 0.9542 
51000 494.9635171890259 0.9570000000000001 
52000 502.90972876548767 0.9642000000000001 
53000 512.9730648994446 0.9652 
54000 524.4527621269226 0.9508 
55000 535.9683916568756 0.9526 
56000 552.2587194442749 0.9672 
57000 569.7434620857239 0.9568000000000001 
58000 579.2864601612091 0.961 
59000 587.5291500091553 0.9612 
60000 595.3923790454865 0.9704 
61000 604.7778489589691 0.9662000000000001 
62000 613.3700566291809 0.9604 
63000 624.3590745925903 0.9623999999999999 
64000 640.5510969161987 0.9636 
65000 655.0306053161621 0.9626 
66000 670.8331665992737 0.9528 
67000 686.4293482303619 0.9548000000000001 
68000 695.7718210220337 0.9608 
69000 705.1691105365753 0.9672 
70000 713.781135559082 0.9632 
71000 723.0339269638062 0.966 
72000 733.5276119709015 0.9684 
73000 741.8275384902954 0.955 
74000 750.8114469051361 0.9640000000000001 
75000 761.9417426586151 0.9588 
76000 771.1889381408691 0.9604 
77000 781.1295177936554 0.9678 
78000 790.560626745224 0.9673999999999999 
79000 800.0380084514618 0.9414 
80000 809.2856121063232 0.9518000000000001 
81000 818.599287033081 0.9673999999999999 
82000 828.3740425109863 0.9652 
83000 837.7157983779907 0.9668000000000001 
84000 847.6665210723877 0.9214 
85000 856.8282487392426 0.966 
86000 866.742861032486 0.9693999999999999 
87000 877.4115509986877 0.9666 
88000 886.2791774272919 0.9672 
89000 895.3761923313141 0.9638 
90000 904.7266490459442 0.9564 
