1000 68.41268062591553 0.1986 
2000 129.11026644706726 0.7698 
3000 207.14819931983948 0.7908 
4000 283.97983622550964 0.8588 
5000 350.72074007987976 0.9018 
6000 420.7632155418396 0.9194 
7000 497.40717339515686 0.9236 
8000 574.1964135169983 0.9364 
9000 646.6167373657227 0.9272 
10000 721.2588288784027 0.9414 
11000 795.1850693225861 0.9374 
12000 876.3886575698853 0.9418 
13000 953.393892288208 0.9478 
14000 1020.3839602470398 0.95 
15000 1098.0160450935364 0.9358 
16000 1173.6186859607697 0.9522 
17000 1242.6111099720001 0.9388 
18000 1339.2632746696472 0.9534 
19000 1455.492886543274 0.958 
20000 1517.1232612133026 0.9588 
21000 1577.7256259918213 0.955 
22000 1665.8000831604004 0.961 
23000 1741.7819879055023 0.9522 
24000 1807.2795052528381 0.9648 
25000 1874.4117538928986 0.9572 
26000 1940.9556820392609 0.9654 
27000 2022.333610534668 0.9548 
28000 2096.3473649024963 0.9606 
29000 2177.1765925884247 0.9636 
30000 2249.142411708832 0.9592 
31000 2323.617142677307 0.9608 
32000 2400.654746055603 0.961 
33000 2458.016435146332 0.9632 
34000 2529.4831478595734 0.9642 
35000 2591.4994633197784 0.9594 
36000 2672.54772233963 0.9652 
37000 2748.9330892562866 0.9586 
38000 2819.2483739852905 0.965 
39000 2887.0224525928497 0.9698 
40000 2960.4896800518036 0.9684 
41000 3031.1211037635803 0.9552 
42000 3101.296225786209 0.9672 
43000 3173.8939578533173 0.9682 
44000 3250.7937693595886 0.9594 
45000 3328.3087871074677 0.9572 
46000 3396.7312264442444 0.9732 
47000 3460.9229822158813 0.9722 
48000 3538.0160670280457 0.9674 
49000 3609.62091422081 0.9552 
50000 3681.106445789337 0.9632 
51000 3747.645566225052 0.9694 
52000 3823.7329998016357 0.9682 
53000 3890.3042438030243 0.9686 
54000 3961.780370950699 0.9642 
55000 4037.1117928028107 0.9708 
56000 4103.794703006744 0.9656 
57000 4159.617072343826 0.9714 
58000 4211.5909831523895 0.965 
59000 4264.93403506279 0.9638 
60000 4314.232430934906 0.97 
61000 4369.875106573105 0.9694 
62000 4425.842787027359 0.9678 
63000 4481.123113155365 0.9742 
64000 4533.7533259391785 0.9666 
65000 4590.5004093647 0.9688 
66000 4653.325657367706 0.9704 
67000 4713.113114118576 0.9686 
68000 4776.287952184677 0.966 
69000 4833.596743583679 0.9698 
70000 4884.672011137009 0.97 
71000 4935.1241891384125 0.9748 
72000 4997.79084610939 0.9652 
73000 5054.71780538559 0.9714 
74000 5108.788451433182 0.9664 
75000 5159.5352330207825 0.9634 
76000 5221.456592082977 0.9742 
77000 5281.224746704102 0.9692 
78000 5344.488076686859 0.9658 
79000 5408.199839115143 0.9682 
80000 5469.21346282959 0.9748 
81000 5533.88586807251 0.9712 
82000 5598.51580619812 0.973 
83000 5659.940203905106 0.9722 
84000 5725.188742160797 0.9746 
85000 5784.11728978157 0.9698 
86000 5835.265612363815 0.9684 
87000 5895.832907915115 0.9752 
88000 5954.692149400711 0.9736 
89000 6017.65373301506 0.9742 
90000 6072.033589363098 0.9714 
