1000 0.015577554702758789 0.264 
2000 0.029826641082763672 0.331 
3000 0.04521679878234863 0.369 
2827 0.060587167739868164 0.412 
3827 0.07482719421386719 0.444 
4827 0.08967232704162598 0.47 
4654 0.10520410537719727 0.497 
5654 0.11940693855285645 0.529 
6654 0.13383030891418457 0.569 
6481 0.148759126663208 0.588 
7481 0.16363286972045898 0.607 
8481 0.17793989181518555 0.622 
8308 0.19346094131469727 0.647 
9308 0.20904755592346191 0.659 
10308 0.22358250617980957 0.676 
10135 0.237623929977417 0.686 
11135 0.25362610816955566 0.693 
12135 0.2677006721496582 0.699 
11962 0.28171801567077637 0.71 
12962 0.2971193790435791 0.713 
13962 0.31168341636657715 0.716 
13789 0.32616376876831055 0.722 
14789 0.34203505516052246 0.724 
15789 0.35763096809387207 0.728 
15616 0.37226200103759766 0.731 
16616 0.3866152763366699 0.732 
17616 0.40220141410827637 0.739 
17443 0.4171149730682373 0.741 
18443 0.43166303634643555 0.741 
19443 0.44690513610839844 0.746 
19270 0.4629969596862793 0.747 
20270 0.47712182998657227 0.75 
21270 0.49234533309936523 0.752 
21097 0.5077860355377197 0.755 
22097 0.5218751430511475 0.756 
23097 0.5361330509185791 0.753 
22924 0.551119327545166 0.755 
23924 0.5656249523162842 0.755 
24924 0.5798125267028809 0.754 
24751 0.5951673984527588 0.754 
25751 0.6104531288146973 0.753 
26751 0.624821662902832 0.756 
26578 0.6402599811553955 0.757 
27578 0.6556694507598877 0.76 
28578 0.6702065467834473 0.76 
28405 0.6846230030059814 0.76 
29405 0.6998889446258545 0.761 
30405 0.7145979404449463 0.761 
30232 0.7288742065429688 0.761 
31232 0.7440235614776611 0.762 
32232 0.7594132423400879 0.763 
32059 0.7740211486816406 0.764 
33059 0.7885751724243164 0.766 
34059 0.8032455444335938 0.766 
33886 0.8176498413085938 0.767 
34886 0.8320860862731934 0.767 
35886 0.847175121307373 0.766 
35713 0.8622555732727051 0.766 
36713 0.8769903182983398 0.763 
37713 0.891721248626709 0.763 
37540 0.9076426029205322 0.763 
38540 0.9222004413604736 0.765 
39540 0.9362874031066895 0.765 
39367 0.9514119625091553 0.765 
40367 0.9660143852233887 0.764 
41367 0.9807143211364746 0.765 
41194 0.9962291717529297 0.766 
42194 1.0115540027618408 0.766 
43194 1.0261132717132568 0.767 
43021 1.0403594970703125 0.766 
44021 1.0549070835113525 0.766 
45021 1.0692813396453857 0.766 
44848 1.0835626125335693 0.765 
45848 1.098628044128418 0.764 
46848 1.1130077838897705 0.764 
46675 1.1274175643920898 0.764 
47675 1.1421613693237305 0.765 
48675 1.1566579341888428 0.767 
48502 1.1707983016967773 0.768 
49502 1.1871442794799805 0.768 
50502 1.2060441970825195 0.768 
50329 1.2245688438415527 0.768 
51329 1.243934154510498 0.767 
52329 1.2617886066436768 0.768 
52156 1.2816505432128906 0.768 
53156 1.2976577281951904 0.767 
54156 1.313166618347168 0.768 
53983 1.3282544612884521 0.768 
54983 1.3432013988494873 0.768 
55983 1.3580632209777832 0.77 
55810 1.3733725547790527 0.77 
56810 1.3888218402862549 0.768 
57810 1.4028174877166748 0.768 
57637 1.4170122146606445 0.766 
58637 1.4316797256469727 0.765 
59637 1.4456796646118164 0.766 
59464 1.4601223468780518 0.766 
60464 1.4757864475250244 0.766 
61464 1.491128921508789 0.765 
61291 1.5052356719970703 0.766 
62291 1.519465446472168 0.767 
63291 1.5350217819213867 0.768 
63118 1.5496439933776855 0.768 
64118 1.5642104148864746 0.768 
65118 1.580007553100586 0.771 
64945 1.595630407333374 0.771 
65945 1.6106257438659668 0.772 
66945 1.6250643730163574 0.772 
66772 1.6404743194580078 0.772 
67772 1.654778242111206 0.773 
68772 1.6697466373443604 0.771 
68599 1.6851098537445068 0.772 
69599 1.6997454166412354 0.772 
70599 1.7145018577575684 0.772 
70426 1.7319340705871582 0.772 
71426 1.7509539127349854 0.771 
72426 1.7689802646636963 0.773 
72253 1.7839016914367676 0.773 
73253 1.7980618476867676 0.774 
74253 1.8124139308929443 0.774 
74080 1.8316264152526855 0.774 
75080 1.848780632019043 0.775 
76080 1.8680920600891113 0.775 
75907 1.884688377380371 0.775 
76907 1.902209997177124 0.775 
77907 1.9172544479370117 0.775 
77734 1.9324498176574707 0.775 
78734 1.9488921165466309 0.776 
79734 1.9634311199188232 0.777 
79561 1.9780945777893066 0.777 
80561 1.9934449195861816 0.778 
81561 2.0082554817199707 0.778 
81388 2.0223920345306396 0.778 
82388 2.0376579761505127 0.779 
83388 2.0528998374938965 0.779 
83215 2.066862106323242 0.779 
84215 2.08158802986145 0.78 
85215 2.097533702850342 0.78 
85042 2.113067388534546 0.78 
86042 2.127295970916748 0.78 
87042 2.1417887210845947 0.78 
86869 2.158216714859009 0.781 
87869 2.1755290031433105 0.781 
88869 2.1934762001037598 0.782 
88696 2.20843243598938 0.783 
89696 2.2235207557678223 0.783 
90696 2.239729642868042 0.784 
90523 2.2538771629333496 0.784 
91523 2.2687666416168213 0.785 
92523 2.2844293117523193 0.785 
92350 2.300098180770874 0.785 
93350 2.3146474361419678 0.784 
94350 2.3298885822296143 0.784 
94177 2.3448331356048584 0.784 
95177 2.359696865081787 0.784 
96177 2.374439001083374 0.784 
96004 2.3901185989379883 0.784 
97004 2.405665397644043 0.784 
98004 2.4211225509643555 0.784 
97831 2.4351766109466553 0.784 
98831 2.4507110118865967 0.785 
99831 2.465871810913086 0.785 
99658 2.4801220893859863 0.785 
100658 2.4952595233917236 0.785 
101658 2.5104904174804688 0.786 
101485 2.528172254562378 0.787 
102485 2.544065475463867 0.787 
103485 2.5597476959228516 0.787 
103312 2.574733018875122 0.787 
104312 2.5892584323883057 0.787 
105312 2.603428602218628 0.788 
105139 2.6192381381988525 0.788 
106139 2.634770631790161 0.788 
107139 2.64947509765625 0.788 
106966 2.6642134189605713 0.787 
107966 2.6790947914123535 0.787 
108966 2.695138692855835 0.787 
108793 2.7136282920837402 0.787 
109793 2.7287747859954834 0.787 
110793 2.745333671569824 0.786 
110620 2.7604334354400635 0.786 
111620 2.7747206687927246 0.783 
112620 2.7895448207855225 0.783 
112447 2.805457353591919 0.783 
113447 2.8206539154052734 0.783 
114447 2.835711717605591 0.782 
114274 2.8501832485198975 0.78 
115274 2.8653676509857178 0.78 
116274 2.8795790672302246 0.781 
116101 2.8937480449676514 0.781 
117101 2.9096431732177734 0.781 
118101 2.924769639968872 0.781 
117928 2.9390738010406494 0.782 
118928 2.953490734100342 0.782 
119928 2.967968225479126 0.782 
119755 2.9826111793518066 0.783 
120755 2.996920347213745 0.783 
121755 3.012181043624878 0.782 
121582 3.0273091793060303 0.782 
122582 3.0415520668029785 0.782 
123582 3.0560319423675537 0.782 
123409 3.070399284362793 0.783 
124409 3.0846149921417236 0.783 
125409 3.0993058681488037 0.781 
125236 3.1149182319641113 0.781 
126236 3.130486011505127 0.781 
127236 3.144490957260132 0.781 
127063 3.1591808795928955 0.781 
128063 3.1736626625061035 0.782 
129063 3.187894582748413 0.782 
128890 3.2025246620178223 0.781 
129890 3.2180604934692383 0.781 
130890 3.2330403327941895 0.781 
130717 3.2477095127105713 0.781 
131717 3.2619614601135254 0.781 
132717 3.277087450027466 0.781 
132544 3.291156768798828 0.78 
133544 3.3065242767333984 0.78 
134544 3.322503089904785 0.78 
134371 3.337584972381592 0.781 
135371 3.35211443901062 0.781 
136371 3.3667752742767334 0.78 
136198 3.3814051151275635 0.78 
137198 3.396131992340088 0.78 
138198 3.4108846187591553 0.78 
138025 3.426091194152832 0.78 
139025 3.4415431022644043 0.78 
140025 3.455704927444458 0.78 
139852 3.470525026321411 0.781 
140852 3.486524820327759 0.781 
141852 3.5019280910491943 0.782 
141679 3.5167603492736816 0.782 
142679 3.531801700592041 0.783 
143679 3.5462770462036133 0.783 
143506 3.5609545707702637 0.783 
144506 3.575354814529419 0.783 
145506 3.591374635696411 0.783 
145333 3.6065595149993896 0.781 
146333 3.6207468509674072 0.781 
147333 3.636483669281006 0.778 
147160 3.652316093444824 0.778 
148160 3.667311906814575 0.778 
149160 3.682497024536133 0.778 
148987 3.6974799633026123 0.779 
149987 3.7127909660339355 0.779 
150987 3.72993540763855 0.779 
150814 3.744520902633667 0.779 
151814 3.7602338790893555 0.779 
152814 3.775292158126831 0.779 
152641 3.7903859615325928 0.779 
153641 3.805302143096924 0.779 
154641 3.8209402561187744 0.778 
154468 3.8372700214385986 0.778 
155468 3.852696180343628 0.778 
156468 3.8677291870117188 0.779 
156295 3.883484363555908 0.777 
157295 3.8988046646118164 0.777 
158295 3.913728713989258 0.778 
158122 3.9287028312683105 0.779 
159122 3.9451515674591064 0.779 
160122 3.9616482257843018 0.779 
159949 3.9757564067840576 0.779 
160949 3.990687608718872 0.779 
161949 4.0067458152771 0.78 
161776 4.02258825302124 0.778 
162776 4.03752064704895 0.778 
163776 4.052143812179565 0.778 
163603 4.067774295806885 0.778 
164603 4.08348274230957 0.778 
165603 4.099370002746582 0.778 
165430 4.115032911300659 0.777 
166430 4.130815744400024 0.777 
167430 4.14672064781189 0.777 
167257 4.167185306549072 0.777 
168257 4.1854941844940186 0.777 
169257 4.2197911739349365 0.777 
169084 4.252739667892456 0.777 
170084 4.275179624557495 0.776 
171084 4.294689178466797 0.776 
170911 4.311865568161011 0.776 
171911 4.32937479019165 0.776 
172911 4.348985195159912 0.777 
172738 4.368981599807739 0.777 
173738 4.387157201766968 0.778 
174738 4.407067775726318 0.779 
174565 4.422261476516724 0.78 
175565 4.4418909549713135 0.78 
176565 4.458432674407959 0.78 
176392 4.4790198802948 0.78 
177392 4.499366760253906 0.78 
178392 4.516540288925171 0.781 
178219 4.536872863769531 0.78 
179219 4.5557920932769775 0.779 
180219 4.572705030441284 0.779 
180046 4.591279745101929 0.779 
181046 4.609515190124512 0.779 
182046 4.6284401416778564 0.779 
181873 4.649118185043335 0.779 
182873 4.670090913772583 0.778 
183873 4.691214561462402 0.778 
