c This file was generated with the constraints_to_cnf module in this project.
c Starting from file 'constraints/sum_7/constraints.txt'.
c There are 20 variables present in the constraints, and 20 total variables, given by the shape [2, 10].
c
p cnf 20 346
-1 -2 0
-1 -3 0
-1 -4 0
-1 -5 0
-1 -6 0
-1 -7 0
-1 -8 0
-1 -9 0
-1 -10 0
-2 -3 0
-2 -4 0
-2 -5 0
-2 -6 0
-2 -7 0
-2 -8 0
-2 -9 0
-2 -10 0
-3 -4 0
-3 -5 0
-3 -6 0
-3 -7 0
-3 -8 0
-3 -9 0
-3 -10 0
-4 -5 0
-4 -6 0
-4 -7 0
-4 -8 0
-4 -9 0
-4 -10 0
-5 -6 0
-5 -7 0
-5 -8 0
-5 -9 0
-5 -10 0
-6 -7 0
-6 -8 0
-6 -9 0
-6 -10 0
-7 -8 0
-7 -9 0
-7 -10 0
-8 -9 0
-8 -10 0
-9 -10 0
-11 -12 0
-11 -13 0
-11 -14 0
-11 -15 0
-11 -16 0
-11 -17 0
-11 -18 0
-11 -19 0
-11 -20 0
-12 -13 0
-12 -14 0
-12 -15 0
-12 -16 0
-12 -17 0
-12 -18 0
-12 -19 0
-12 -20 0
-13 -14 0
-13 -15 0
-13 -16 0
-13 -17 0
-13 -18 0
-13 -19 0
-13 -20 0
-14 -15 0
-14 -16 0
-14 -17 0
-14 -18 0
-14 -19 0
-14 -20 0
-15 -16 0
-15 -17 0
-15 -18 0
-15 -19 0
-15 -20 0
-16 -17 0
-16 -18 0
-16 -19 0
-16 -20 0
-17 -18 0
-17 -19 0
-17 -20 0
-18 -19 0
-18 -20 0
-19 -20 0
1 2 3 4 5 6 7 8 0
1 2 3 4 5 6 7 11 0
1 2 3 4 5 6 8 12 0
1 2 3 4 5 6 11 12 0
1 2 3 4 5 7 8 13 0
1 2 3 4 5 7 11 13 0
1 2 3 4 5 8 12 13 0
1 2 3 4 5 11 12 13 0
1 2 3 4 6 7 8 14 0
1 2 3 4 6 7 11 14 0
1 2 3 4 6 8 12 14 0
1 2 3 4 6 11 12 14 0
1 2 3 4 7 8 13 14 0
1 2 3 4 7 11 13 14 0
1 2 3 4 8 12 13 14 0
1 2 3 4 11 12 13 14 0
1 2 3 5 6 7 8 15 0
1 2 3 5 6 7 11 15 0
1 2 3 5 6 8 12 15 0
1 2 3 5 6 11 12 15 0
1 2 3 5 7 8 13 15 0
1 2 3 5 7 11 13 15 0
1 2 3 5 8 12 13 15 0
1 2 3 5 11 12 13 15 0
1 2 3 6 7 8 14 15 0
1 2 3 6 7 11 14 15 0
1 2 3 6 8 12 14 15 0
1 2 3 6 11 12 14 15 0
1 2 3 7 8 13 14 15 0
1 2 3 7 11 13 14 15 0
1 2 3 8 12 13 14 15 0
1 2 3 11 12 13 14 15 0
1 2 4 5 6 7 8 16 0
1 2 4 5 6 7 11 16 0
1 2 4 5 6 8 12 16 0
1 2 4 5 6 11 12 16 0
1 2 4 5 7 8 13 16 0
1 2 4 5 7 11 13 16 0
1 2 4 5 8 12 13 16 0
1 2 4 5 11 12 13 16 0
1 2 4 6 7 8 14 16 0
1 2 4 6 7 11 14 16 0
1 2 4 6 8 12 14 16 0
1 2 4 6 11 12 14 16 0
1 2 4 7 8 13 14 16 0
1 2 4 7 11 13 14 16 0
1 2 4 8 12 13 14 16 0
1 2 4 11 12 13 14 16 0
1 2 5 6 7 8 15 16 0
1 2 5 6 7 11 15 16 0
1 2 5 6 8 12 15 16 0
1 2 5 6 11 12 15 16 0
1 2 5 7 8 13 15 16 0
1 2 5 7 11 13 15 16 0
1 2 5 8 12 13 15 16 0
1 2 5 11 12 13 15 16 0
1 2 6 7 8 14 15 16 0
1 2 6 7 11 14 15 16 0
1 2 6 8 12 14 15 16 0
1 2 6 11 12 14 15 16 0
1 2 7 8 13 14 15 16 0
1 2 7 11 13 14 15 16 0
1 2 8 12 13 14 15 16 0
1 2 11 12 13 14 15 16 0
1 3 4 5 6 7 8 17 0
1 3 4 5 6 7 11 17 0
1 3 4 5 6 8 12 17 0
1 3 4 5 6 11 12 17 0
1 3 4 5 7 8 13 17 0
1 3 4 5 7 11 13 17 0
1 3 4 5 8 12 13 17 0
1 3 4 5 11 12 13 17 0
1 3 4 6 7 8 14 17 0
1 3 4 6 7 11 14 17 0
1 3 4 6 8 12 14 17 0
1 3 4 6 11 12 14 17 0
1 3 4 7 8 13 14 17 0
1 3 4 7 11 13 14 17 0
1 3 4 8 12 13 14 17 0
1 3 4 11 12 13 14 17 0
1 3 5 6 7 8 15 17 0
1 3 5 6 7 11 15 17 0
1 3 5 6 8 12 15 17 0
1 3 5 6 11 12 15 17 0
1 3 5 7 8 13 15 17 0
1 3 5 7 11 13 15 17 0
1 3 5 8 12 13 15 17 0
1 3 5 11 12 13 15 17 0
1 3 6 7 8 14 15 17 0
1 3 6 7 11 14 15 17 0
1 3 6 8 12 14 15 17 0
1 3 6 11 12 14 15 17 0
1 3 7 8 13 14 15 17 0
1 3 7 11 13 14 15 17 0
1 3 8 12 13 14 15 17 0
1 3 11 12 13 14 15 17 0
1 4 5 6 7 8 16 17 0
1 4 5 6 7 11 16 17 0
1 4 5 6 8 12 16 17 0
1 4 5 6 11 12 16 17 0
1 4 5 7 8 13 16 17 0
1 4 5 7 11 13 16 17 0
1 4 5 8 12 13 16 17 0
1 4 5 11 12 13 16 17 0
1 4 6 7 8 14 16 17 0
1 4 6 7 11 14 16 17 0
1 4 6 8 12 14 16 17 0
1 4 6 11 12 14 16 17 0
1 4 7 8 13 14 16 17 0
1 4 7 11 13 14 16 17 0
1 4 8 12 13 14 16 17 0
1 4 11 12 13 14 16 17 0
1 5 6 7 8 15 16 17 0
1 5 6 7 11 15 16 17 0
1 5 6 8 12 15 16 17 0
1 5 6 11 12 15 16 17 0
1 5 7 8 13 15 16 17 0
1 5 7 11 13 15 16 17 0
1 5 8 12 13 15 16 17 0
1 5 11 12 13 15 16 17 0
1 6 7 8 14 15 16 17 0
1 6 7 11 14 15 16 17 0
1 6 8 12 14 15 16 17 0
1 6 11 12 14 15 16 17 0
1 7 8 13 14 15 16 17 0
1 7 11 13 14 15 16 17 0
1 8 12 13 14 15 16 17 0
1 11 12 13 14 15 16 17 0
2 3 4 5 6 7 8 18 0
2 3 4 5 6 7 11 18 0
2 3 4 5 6 8 12 18 0
2 3 4 5 6 11 12 18 0
2 3 4 5 7 8 13 18 0
2 3 4 5 7 11 13 18 0
2 3 4 5 8 12 13 18 0
2 3 4 5 11 12 13 18 0
2 3 4 6 7 8 14 18 0
2 3 4 6 7 11 14 18 0
2 3 4 6 8 12 14 18 0
2 3 4 6 11 12 14 18 0
2 3 4 7 8 13 14 18 0
2 3 4 7 11 13 14 18 0
2 3 4 8 12 13 14 18 0
2 3 4 11 12 13 14 18 0
2 3 5 6 7 8 15 18 0
2 3 5 6 7 11 15 18 0
2 3 5 6 8 12 15 18 0
2 3 5 6 11 12 15 18 0
2 3 5 7 8 13 15 18 0
2 3 5 7 11 13 15 18 0
2 3 5 8 12 13 15 18 0
2 3 5 11 12 13 15 18 0
2 3 6 7 8 14 15 18 0
2 3 6 7 11 14 15 18 0
2 3 6 8 12 14 15 18 0
2 3 6 11 12 14 15 18 0
2 3 7 8 13 14 15 18 0
2 3 7 11 13 14 15 18 0
2 3 8 12 13 14 15 18 0
2 3 11 12 13 14 15 18 0
2 4 5 6 7 8 16 18 0
2 4 5 6 7 11 16 18 0
2 4 5 6 8 12 16 18 0
2 4 5 6 11 12 16 18 0
2 4 5 7 8 13 16 18 0
2 4 5 7 11 13 16 18 0
2 4 5 8 12 13 16 18 0
2 4 5 11 12 13 16 18 0
2 4 6 7 8 14 16 18 0
2 4 6 7 11 14 16 18 0
2 4 6 8 12 14 16 18 0
2 4 6 11 12 14 16 18 0
2 4 7 8 13 14 16 18 0
2 4 7 11 13 14 16 18 0
2 4 8 12 13 14 16 18 0
2 4 11 12 13 14 16 18 0
2 5 6 7 8 15 16 18 0
2 5 6 7 11 15 16 18 0
2 5 6 8 12 15 16 18 0
2 5 6 11 12 15 16 18 0
2 5 7 8 13 15 16 18 0
2 5 7 11 13 15 16 18 0
2 5 8 12 13 15 16 18 0
2 5 11 12 13 15 16 18 0
2 6 7 8 14 15 16 18 0
2 6 7 11 14 15 16 18 0
2 6 8 12 14 15 16 18 0
2 6 11 12 14 15 16 18 0
2 7 8 13 14 15 16 18 0
2 7 11 13 14 15 16 18 0
2 8 12 13 14 15 16 18 0
2 11 12 13 14 15 16 18 0
3 4 5 6 7 8 17 18 0
3 4 5 6 7 11 17 18 0
3 4 5 6 8 12 17 18 0
3 4 5 6 11 12 17 18 0
3 4 5 7 8 13 17 18 0
3 4 5 7 11 13 17 18 0
3 4 5 8 12 13 17 18 0
3 4 5 11 12 13 17 18 0
3 4 6 7 8 14 17 18 0
3 4 6 7 11 14 17 18 0
3 4 6 8 12 14 17 18 0
3 4 6 11 12 14 17 18 0
3 4 7 8 13 14 17 18 0
3 4 7 11 13 14 17 18 0
3 4 8 12 13 14 17 18 0
3 4 11 12 13 14 17 18 0
3 5 6 7 8 15 17 18 0
3 5 6 7 11 15 17 18 0
3 5 6 8 12 15 17 18 0
3 5 6 11 12 15 17 18 0
3 5 7 8 13 15 17 18 0
3 5 7 11 13 15 17 18 0
3 5 8 12 13 15 17 18 0
3 5 11 12 13 15 17 18 0
3 6 7 8 14 15 17 18 0
3 6 7 11 14 15 17 18 0
3 6 8 12 14 15 17 18 0
3 6 11 12 14 15 17 18 0
3 7 8 13 14 15 17 18 0
3 7 11 13 14 15 17 18 0
3 8 12 13 14 15 17 18 0
3 11 12 13 14 15 17 18 0
4 5 6 7 8 16 17 18 0
4 5 6 7 11 16 17 18 0
4 5 6 8 12 16 17 18 0
4 5 6 11 12 16 17 18 0
4 5 7 8 13 16 17 18 0
4 5 7 11 13 16 17 18 0
4 5 8 12 13 16 17 18 0
4 5 11 12 13 16 17 18 0
4 6 7 8 14 16 17 18 0
4 6 7 11 14 16 17 18 0
4 6 8 12 14 16 17 18 0
4 6 11 12 14 16 17 18 0
4 7 8 13 14 16 17 18 0
4 7 11 13 14 16 17 18 0
4 8 12 13 14 16 17 18 0
4 11 12 13 14 16 17 18 0
5 6 7 8 15 16 17 18 0
5 6 7 11 15 16 17 18 0
5 6 8 12 15 16 17 18 0
5 6 11 12 15 16 17 18 0
5 7 8 13 15 16 17 18 0
5 7 11 13 15 16 17 18 0
5 8 12 13 15 16 17 18 0
5 11 12 13 15 16 17 18 0
6 7 8 14 15 16 17 18 0
6 7 11 14 15 16 17 18 0
6 8 12 14 15 16 17 18 0
6 11 12 14 15 16 17 18 0
7 8 13 14 15 16 17 18 0
7 11 13 14 15 16 17 18 0
8 12 13 14 15 16 17 18 0
11 12 13 14 15 16 17 18 0

